0.086727075278759
0.09469925612211227
0.039673253893852234
0.03434135392308235
0.05111981928348541
-0.1438874453306198
-0.19210371375083923
-0.008939333260059357
-0.05508789047598839
-0.291726291179657
0.2073265016078949
-0.31289342045783997
-0.19742925465106964
0.025100214406847954
0.014941905625164509
0.029112713411450386
0.33922556042671204
-0.06614957749843597
-0.041699714958667755
-0.006665421184152365
0.04121643677353859
-0.03176001459360123
-0.14688260853290558
0.024529146030545235
-0.0006926935166120529
-0.007292425725609064
0.14000485837459564
0.01641465537250042
-0.2962399125099182
0.21201376616954803
-0.01549152284860611
-0.018633892759680748
